1	1	-3.76	1.75
1	2	-3.75	2.83
1	3	-3.73	3.91
1	4	-3.72	5
1	5	-3.7	6.08
1	6	-3.68	7.16
1	7	-3.66	8.24
1	8	-3.64	9.32
1	9	-3.61	10.4
1	10	-3.59	11.48
1	11	-3.56	12.56
1	12	-3.53	13.64
1	13	-3.5	14.72
1	14	-3.47	15.8
1	15	-3.44	16.88
1	16	-3.41	17.96
1	17	-3.37	19.03
1	18	-3.34	20.11
1	19	-3.3	21.18
1	20	-3.26	22.26
1	21	-3.22	23.33
1	22	-3.18	24.4
1	23	-3.14	25.48
1	24	-3.09	26.55
1	25	-3.05	27.62
1	26	-3	28.69
1	27	-2.95	29.76
1	28	-2.9	30.83
1	29	-2.85	31.9
1	30	-2.8	32.96
1	31	-2.75	34.03
1	32	-2.7	35.09
1	33	-2.64	36.16
1	34	-2.59	37.22
1	35	-2.53	38.28
1	36	-2.47	39.34
1	37	-2.41	40.4
1	38	-2.35	41.46
1	39	-2.29	42.52
1	40	-2.23	43.58
1	41	-2.17	44.63
1	42	-2.1	45.69
1	43	-2.04	46.74
1	44	-1.97	47.8
1	45	-1.91	48.85
1	46	-1.84	49.9
1	47	-1.77	50.95
1	48	-1.7	51.99
1	49	-1.63	53.04
1	50	-1.56	54.09
1	51	-1.49	55.13
1	52	-1.42	56.17
1	53	-1.34	57.21
1	54	-1.27	58.25
1	55	-1.19	59.29
1	56	-1.12	60.33
1	57	-1.04	61.37
1	58	-0.97	62.4
1	59	-0.89	63.44
1	60	-0.81	64.47
1	61	-0.73	65.5
1	62	-0.65	66.53
1	63	-0.58	67.56
1	64	-0.5	68.58
1	65	-0.42	69.61
1	66	-0.34	70.63
1	67	-0.25	71.66
1	68	-0.17	72.68
1	69	-0.09	73.7
1	70	-0.01	74.71
1	71	0.07	75.73
1	72	0.16	76.75
1	73	0.24	77.76
1	74	0.32	78.77
1	75	0.41	79.78
1	76	0.49	80.79
1	77	0.57	81.8
1	78	0.66	82.81
1	79	0.74	83.81
1	80	0.83	84.82
1	81	0.91	85.82
1	82	0.99	86.82
1	83	1.08	87.82
1	84	1.16	88.82
1	85	1.25	89.81
1	86	1.33	90.81
1	87	1.41	91.8
1	88	1.5	92.8
1	89	1.58	93.79
1	90	1.66	94.78
1	91	1.75	95.76
1	92	1.83	96.75
1	93	1.91	97.73
1	94	2	98.72
1	95	2.08	99.7
1	96	2.16	100.68
1	97	2.24	101.66
1	98	2.32	102.64
1	99	2.4	103.61
1	100	2.48	104.59
1	101	2.56	105.56
1	102	2.64	106.53
1	103	2.72	107.5
1	104	2.8	108.47
1	105	2.88	109.44
1	106	2.96	110.41
1	107	3.03	111.37
1	108	3.11	112.34
1	109	3.18	113.3
1	110	3.26	114.26
1	111	3.33	115.22
1	112	3.4	116.18
1	113	3.48	117.14
1	114	3.55	118.09
1	115	3.62	119.05
1	116	3.69	120
1	117	3.76	120.95
1	118	3.83	121.9
1	119	3.9	122.85
1	120	3.96	123.8
1	121	4.03	124.75
1	122	4.09	125.7
1	123	4.16	126.64
1	124	4.22	127.59
1	125	4.28	128.53
1	126	4.34	129.47
1	127	4.4	130.41
1	128	4.46	131.35
1	129	4.52	132.29
1	130	4.58	133.23
1	131	4.63	134.17
1	132	4.69	135.1
1	133	4.74	136.04
1	134	4.8	136.97
1	135	4.85	137.91
1	136	4.9	138.84
1	137	4.95	139.77
1	138	4.99	140.7
1	139	5.04	141.63
1	140	5.09	142.56
1	141	5.13	143.49
1	142	5.17	144.42
1	143	5.21	145.34
1	144	5.25	146.27
1	145	5.29	147.19
1	146	5.33	148.12
1	147	5.37	149.04
1	148	5.4	149.97
1	149	5.44	150.89
1	150	5.47	151.81
1	151	5.5	152.73
1	152	5.53	153.65
1	153	5.56	154.58
1	154	5.58	155.5
1	155	5.61	156.42
1	156	5.63	157.34
1	157	5.66	158.25
1	158	5.68	159.17
1	159	5.7	160.09
1	160	5.71	161.01
1	161	5.73	161.93
1	162	5.75	162.84
1	163	5.76	163.76
1	164	5.77	164.68
1	165	5.78	165.59
1	166	5.79	166.51
1	167	5.8	167.43
1	168	5.81	168.34
1	169	5.81	169.26
1	170	5.82	170.17
1	171	5.82	171.09
1	172	5.82	172.01
1	173	5.82	172.92
1	174	5.82	173.84
1	175	5.81	174.75
1	176	5.81	175.67
1	177	5.8	176.59
1	178	5.8	177.5
1	179	5.79	178.42
1	180	5.78	179.34
1	181	5.76	180.25
2	1	6.75	0.17
2	2	6.73	1.09
2	3	6.72	2
2	4	6.7	2.92
2	5	6.68	3.84
2	6	6.66	4.76
2	7	6.64	5.68
2	8	6.61	6.6
2	9	6.59	7.52
2	10	6.56	8.44
2	11	6.53	9.36
2	12	6.5	10.28
2	13	6.47	11.2
2	14	6.44	12.12
2	15	6.41	13.04
2	16	6.37	13.97
2	17	6.34	14.89
2	18	6.3	15.82
2	19	6.26	16.74
2	20	6.22	17.67
2	21	6.18	18.6
2	22	6.14	19.52
2	23	6.09	20.45
2	24	6.05	21.38
2	25	6	22.31
2	26	5.95	23.24
2	27	5.9	24.17
2	28	5.85	25.1
2	29	5.8	26.04
2	30	5.75	26.97
2	31	5.7	27.91
2	32	5.64	28.84
2	33	5.59	29.78
2	34	5.53	30.72
2	35	5.47	31.66
2	36	5.41	32.6
2	37	5.35	33.54
2	38	5.29	34.48
2	39	5.23	35.42
2	40	5.17	36.37
2	41	5.1	37.31
2	42	5.04	38.26
2	43	4.97	39.2
2	44	4.91	40.15
2	45	4.84	41.1
2	46	4.77	42.05
2	47	4.7	43.01
2	48	4.63	43.96
2	49	4.56	44.91
2	50	4.49	45.87
2	51	4.42	46.83
2	52	4.34	47.79
2	53	4.27	48.75
2	54	4.19	49.71
2	55	4.12	50.67
2	56	4.04	51.63
2	57	3.97	52.6
2	58	3.89	53.56
2	59	3.81	54.53
2	60	3.73	55.5
2	61	3.65	56.47
2	62	3.58	57.44
2	63	3.5	58.42
2	64	3.42	59.39
2	65	3.34	60.37
2	66	3.25	61.34
2	67	3.17	62.32
2	68	3.09	63.3
2	69	3.01	64.29
2	70	2.93	65.27
2	71	2.84	66.25
2	72	2.76	67.24
2	73	2.68	68.23
2	74	2.59	69.22
2	75	2.51	70.21
2	76	2.43	71.2
2	77	2.34	72.19
2	78	2.26	73.19
2	79	2.17	74.18
2	80	2.09	75.18
2	81	2.01	76.18
2	82	1.92	77.18
2	83	1.84	78.18
2	84	1.75	79.19
2	85	1.67	80.19
2	86	1.59	81.2
2	87	1.5	82.2
2	88	1.42	83.21
2	89	1.34	84.22
2	90	1.25	85.24
2	91	1.17	86.25
2	92	1.09	87.27
2	93	1	88.28
2	94	0.92	89.3
2	95	0.84	90.32
2	96	0.76	91.34
2	97	0.68	92.36
2	98	0.6	93.39
2	99	0.52	94.41
2	100	0.44	95.44
2	101	0.36	96.47
2	102	0.28	97.5
2	103	0.2	98.53
2	104	0.12	99.56
2	105	0.04	100.59
2	106	-0.03	101.63
2	107	-0.11	102.66
2	108	-0.18	103.7
2	109	-0.26	104.74
2	110	-0.33	105.78
2	111	-0.4	106.82
2	112	-0.48	107.86
2	113	-0.55	108.91
2	114	-0.62	109.95
2	115	-0.69	111
2	116	-0.76	112.05
2	117	-0.83	113.1
2	118	-0.9	114.15
2	119	-0.96	115.2
2	120	-1.03	116.25
2	121	-1.09	117.3
2	122	-1.16	118.36
2	123	-1.22	119.41
2	124	-1.28	120.47
2	125	-1.34	121.53
2	126	-1.4	122.59
2	127	-1.46	123.65
2	128	-1.52	124.71
2	129	-1.58	125.77
2	130	-1.63	126.83
2	131	-1.69	127.9
2	132	-1.74	128.96
2	133	-1.8	130.03
2	134	-1.85	131.09
2	135	-1.9	132.16
2	136	-1.95	133.23
2	137	-1.99	134.3
2	138	-2.04	135.37
2	139	-2.09	136.44
2	140	-2.13	137.51
2	141	-2.17	138.58
2	142	-2.21	139.66
2	143	-2.25	140.73
2	144	-2.29	141.81
2	145	-2.33	142.88
2	146	-2.37	143.96
2	147	-2.4	145.03
2	148	-2.44	146.11
2	149	-2.47	147.19
2	150	-2.5	148.27
2	151	-2.53	149.35
2	152	-2.56	150.42
2	153	-2.58	151.5
2	154	-2.61	152.58
2	155	-2.63	153.66
2	156	-2.66	154.75
2	157	-2.68	155.83
2	158	-2.7	156.91
2	159	-2.71	157.99
2	160	-2.73	159.07
2	161	-2.75	160.16
2	162	-2.76	161.24
2	163	-2.77	162.32
2	164	-2.78	163.41
2	165	-2.79	164.49
2	166	-2.8	165.57
2	167	-2.81	166.66
2	168	-2.81	167.74
2	169	-2.82	168.83
2	170	-2.82	169.91
2	171	-2.82	170.99
2	172	-2.82	172.08
2	173	-2.82	173.16
2	174	-2.81	174.25
2	175	-2.81	175.33
2	176	-2.8	176.41
2	177	-2.8	177.5
2	178	-2.79	178.58
2	179	-2.78	179.66
2	180	-2.72	181.14
2	181	-2.71	182.21
3	1	-1.7	2.27
3	2	-1.69	3.34
3	3	-1.68	4.4
3	4	-1.67	5.47
3	5	-1.66	6.54
3	6	-1.65	7.61
3	7	-1.64	8.68
3	8	-1.62	9.75
3	9	-1.6	10.81
3	10	-1.57	11.88
3	11	-1.55	12.95
3	12	-1.53	14.02
3	13	-1.51	15.09
3	14	-1.49	16.16
3	15	-1.46	17.23
3	16	-1.43	18.29
3	17	-1.4	19.36
3	18	-1.37	20.43
3	19	-1.34	21.5
3	20	-1.3	22.57
3	21	-1.27	23.64
3	22	-1.23	24.7
3	23	-1.18	25.77
3	24	-1.15	26.83
3	25	-1.1	27.9
3	26	-1.05	28.97
3	27	-1.01	30.02
3	28	-0.96	31.09
3	29	-0.91	32.15
3	30	-0.86	33.21
3	31	-0.79	34.27
3	32	-0.74	35.32
3	33	-0.68	36.37
3	34	-0.62	37.43
3	35	-0.56	38.49
3	36	-0.49	39.54
3	37	-0.43	40.6
3	38	-0.36	41.64
3	39	-0.29	42.68
3	40	-0.22	43.73
3	41	-0.14	44.77
3	42	-0.08	45.82
3	43	0	46.87
3	44	0.07	47.91
3	45	0.15	48.94
3	46	0.23	49.97
3	47	0.31	51.01
3	48	0.39	52.04
3	49	0.47	53.08
3	50	0.55	54.1
3	51	0.63	55.14
3	52	0.72	56.16
3	53	0.81	57.18
3	54	0.89	58.19
3	55	0.98	59.2
3	56	1.07	60.21
3	57	1.16	61.22
3	58	1.25	62.23
3	59	1.34	63.24
3	60	1.43	64.25
3	61	1.51	65.25
3	62	1.6	66.25
3	63	1.69	67.25
3	64	1.78	68.25
3	65	1.86	69.26
3	66	1.95	70.26
3	67	2.04	71.25
3	68	2.13	72.23
3	69	2.21	73.22
3	70	2.3	74.21
3	71	2.39	75.2
3	72	2.47	76.19
3	73	2.55	77.18
3	74	2.64	78.16
3	75	2.72	79.14
3	76	2.81	80.12
3	77	2.88	81.09
3	78	2.96	82.07
3	79	3.05	83.05
3	80	3.13	84.02
3	81	3.2	85
3	82	3.28	85.98
3	83	3.35	86.94
3	84	3.42	87.91
3	85	3.5	88.88
3	86	3.57	89.84
3	87	3.64	90.81
3	88	3.71	91.78
3	89	3.79	92.75
3	90	3.85	93.71
3	91	3.92	94.67
3	92	3.97	95.63
3	93	4.04	96.59
3	94	4.1	97.54
3	95	4.17	98.5
3	96	4.23	99.46
3	97	4.29	100.42
3	98	4.34	101.38
3	99	4.4	102.34
3	100	4.45	103.29
3	101	4.51	104.25
3	102	4.56	105.2
3	103	4.61	106.16
3	104	4.67	107.11
3	105	4.72	108.07
3	106	4.76	109.02
3	107	4.81	109.97
3	108	4.86	110.92
3	109	4.9	111.88
3	110	4.94	112.84
3	111	4.99	113.79
3	112	5.04	114.74
3	113	5.08	115.69
3	114	5.12	116.64
3	115	5.16	117.6
3	116	5.2	118.55
3	117	5.24	119.5
3	118	5.29	120.46
3	119	5.32	121.41
3	120	5.36	122.36
3	121	5.39	123.3
3	122	5.43	124.25
3	123	5.47	125.2
3	124	5.49	126.15
3	125	5.53	127.1
3	126	5.57	128.05
3	127	5.6	129
3	